Generated Airfoil
0.999664 -0.000741
0.999708 -0.000742
0.997688 -0.000476
0.995695 -0.000226
0.993851 0.000023
0.991890 0.000286
0.989897 0.000524
0.987929 0.000779
0.986097 0.001018
0.984011 0.001282
0.982064 0.001520
0.980118 0.001785
0.978170 0.002021
0.976269 0.002271
0.974475 0.002522
0.972204 0.002754
0.970332 0.002988
0.968364 0.003230
0.966354 0.003454
0.964461 0.003701
0.962515 0.003940
0.960611 0.004184
0.958529 0.004387
0.956599 0.004635
0.954647 0.004866
0.952697 0.005104
0.950738 0.005333
0.948784 0.005548
0.946852 0.005760
0.944825 0.006012
0.942927 0.006215
0.940923 0.006434
0.938941 0.006673
0.936956 0.006879
0.935081 0.007098
0.933202 0.007325
0.931146 0.007526
0.929184 0.007760
0.927353 0.007951
0.925252 0.008177
0.923345 0.008398
0.921376 0.008610
0.919484 0.008818
0.917393 0.009047
0.915449 0.009252
0.913502 0.009475
0.911592 0.009669
0.909587 0.009881
0.907621 0.010108
0.905713 0.010325
0.903823 0.010552
0.901739 0.010744
0.899803 0.010960
0.897915 0.011173
0.895924 0.011387
0.893954 0.011592
0.892011 0.011802
0.890018 0.011998
0.888083 0.012205
0.886153 0.012415
0.884178 0.012636
0.882210 0.012853
0.880201 0.013053
0.878276 0.013270
0.876286 0.013466
0.874343 0.013674
0.872398 0.013903
0.870530 0.014109
0.868515 0.014323
0.866516 0.014520
0.864598 0.014741
0.862658 0.014934
0.860766 0.015158
0.858720 0.015369
0.856762 0.015564
0.854833 0.015772
0.852839 0.015977
0.850851 0.016181
0.848944 0.016388
0.847021 0.016600
0.845017 0.016838
0.843024 0.017042
0.841112 0.017257
0.839185 0.017462
0.837201 0.017683
0.835243 0.017895
0.833287 0.018087
0.831313 0.018325
0.829370 0.018511
0.827404 0.018752
0.825449 0.018955
0.823464 0.019172
0.821537 0.019370
0.819607 0.019601
0.817649 0.019826
0.815622 0.020031
0.813703 0.020244
0.811747 0.020459
0.809785 0.020653
0.807871 0.020884
0.805861 0.021090
0.803925 0.021304
0.801999 0.021528
0.800004 0.021755
0.798055 0.021949
0.796143 0.022166
0.794118 0.022391
0.792189 0.022551
0.790244 0.022831
0.788245 0.023041
0.786315 0.023260
0.784401 0.023450
0.782384 0.023667
0.780424 0.023900
0.778482 0.024094
0.776539 0.024318
0.774593 0.024562
0.772628 0.024777
0.770651 0.024987
0.768731 0.025202
0.766765 0.025444
0.764792 0.025657
0.762864 0.025860
0.760876 0.026087
0.758937 0.026305
0.756950 0.026501
0.755036 0.026745
0.753045 0.026974
0.751107 0.027207
0.749116 0.027424
0.747171 0.027661
0.745228 0.027865
0.743248 0.028117
0.741308 0.028348
0.739375 0.028552
0.737382 0.028775
0.735430 0.029018
0.733473 0.029229
0.731533 0.029453
0.729572 0.029671
0.727631 0.029901
0.725644 0.030152
0.723697 0.030373
0.721725 0.030607
0.719764 0.030857
0.717822 0.031076
0.715877 0.031294
0.713902 0.031535
0.711934 0.031755
0.710009 0.032007
0.708043 0.032245
0.706079 0.032440
0.704095 0.032690
0.702160 0.032924
0.700204 0.033164
0.698260 0.033402
0.696295 0.033630
0.694359 0.033859
0.692389 0.034113
0.690447 0.034310
0.688462 0.034563
0.686542 0.034800
0.684540 0.035035
0.682601 0.035261
0.680668 0.035473
0.678706 0.035720
0.676736 0.035961
0.674781 0.036173
0.672818 0.036433
0.670888 0.036677
0.668933 0.036882
0.666978 0.037142
0.665026 0.037389
0.663014 0.037609
0.661111 0.037856
0.659164 0.038086
0.657173 0.038315
0.655206 0.038570
0.653254 0.038784
0.651325 0.039018
0.649358 0.039248
0.647391 0.039483
0.645460 0.039712
0.643459 0.039959
0.641503 0.040216
0.639575 0.040437
0.637642 0.040700
0.635687 0.040926
0.633684 0.041165
0.631745 0.041383
0.629779 0.041639
0.627870 0.041866
0.625849 0.042127
0.623954 0.042358
0.621974 0.042581
0.620001 0.042840
0.618072 0.043040
0.616136 0.043278
0.614156 0.043548
0.612200 0.043748
0.610231 0.044014
0.608262 0.044269
0.606313 0.044520
0.604344 0.044751
0.602409 0.044999
0.600432 0.045225
0.598523 0.045486
0.596545 0.045694
0.594556 0.045916
0.592606 0.046148
0.590659 0.046408
0.588702 0.046603
0.586767 0.046860
0.584820 0.047102
0.582818 0.047318
0.580886 0.047565
0.578953 0.047803
0.576983 0.048034
0.575031 0.048257
0.573053 0.048468
0.571108 0.048701
0.569149 0.048959
0.567169 0.049189
0.565251 0.049416
0.563275 0.049664
0.561345 0.049886
0.559371 0.050089
0.557466 0.050338
0.555443 0.050570
0.553503 0.050784
0.551557 0.051044
0.549633 0.051276
0.547629 0.051471
0.545676 0.051720
0.543756 0.051905
0.541793 0.052150
0.539807 0.052394
0.537877 0.052625
0.535915 0.052806
0.533919 0.053076
0.532010 0.053284
0.530008 0.053500
0.528102 0.053735
0.526184 0.053954
0.524160 0.054177
0.522206 0.054404
0.520261 0.054632
0.518307 0.054843
0.516328 0.055084
0.514360 0.055292
0.512438 0.055522
0.510473 0.055757
0.508534 0.055956
0.506553 0.056170
0.504616 0.056394
0.502696 0.056614
0.500716 0.056859
0.498764 0.057054
0.496787 0.057249
0.494870 0.057457
0.492920 0.057670
0.490946 0.057833
0.489016 0.058047
0.487028 0.058239
0.485038 0.058436
0.483089 0.058675
0.481177 0.058871
0.479172 0.059064
0.477209 0.059245
0.475277 0.059433
0.473347 0.059649
0.471356 0.059850
0.469434 0.060043
0.467435 0.060232
0.465486 0.060410
0.463522 0.060605
0.461582 0.060776
0.459656 0.060986
0.457694 0.061174
0.455760 0.061344
0.453745 0.061574
0.451809 0.061739
0.449867 0.061944
0.447883 0.062125
0.445943 0.062310
0.443961 0.062497
0.442028 0.062692
0.440120 0.062843
0.438173 0.063020
0.436185 0.063207
0.434188 0.063403
0.432248 0.063519
0.430322 0.063740
0.428399 0.063911
0.426367 0.064069
0.424423 0.064245
0.422454 0.064451
0.420495 0.064615
0.418539 0.064764
0.416605 0.064953
0.414673 0.065095
0.412674 0.065266
0.410785 0.065452
0.408773 0.065617
0.406870 0.065762
0.404904 0.065944
0.402936 0.066106
0.401014 0.066263
0.399063 0.066403
0.397099 0.066565
0.395064 0.066690
0.393112 0.066836
0.391232 0.066988
0.389277 0.067099
0.387295 0.067263
0.385286 0.067389
0.383413 0.067487
0.381405 0.067636
0.379417 0.067746
0.377459 0.067913
0.375524 0.068020
0.373537 0.068144
0.371634 0.068253
0.369676 0.068367
0.367734 0.068488
0.365734 0.068632
0.363785 0.068735
0.361824 0.068860
0.359876 0.068966
0.357975 0.069102
0.356042 0.069214
0.354066 0.069337
0.352050 0.069434
0.350103 0.069551
0.348221 0.069633
0.346262 0.069734
0.344255 0.069834
0.342318 0.069924
0.340327 0.070055
0.338432 0.070103
0.336469 0.070242
0.334487 0.070334
0.332563 0.070420
0.330564 0.070501
0.328660 0.070590
0.326696 0.070673
0.324739 0.070746
0.322721 0.070865
0.320771 0.070943
0.318869 0.071008
0.316911 0.071097
0.314939 0.071155
0.312967 0.071237
0.311049 0.071302
0.309065 0.071375
0.307066 0.071452
0.305165 0.071498
0.303160 0.071561
0.301279 0.071660
0.299243 0.071713
0.297319 0.071734
0.295377 0.071775
0.293456 0.071829
0.291441 0.071803
0.289500 0.071863
0.287527 0.071900
0.285629 0.071888
0.283645 0.071922
0.281729 0.071913
0.279723 0.071959
0.277816 0.071978
0.275845 0.071956
0.273884 0.071986
0.271911 0.072007
0.269953 0.071982
0.268033 0.072011
0.266044 0.072022
0.264091 0.072022
0.262089 0.072024
0.260221 0.072019
0.258192 0.071996
0.256272 0.071978
0.254295 0.071954
0.252318 0.071966
0.250423 0.071924
0.248450 0.071895
0.246503 0.071897
0.244543 0.071859
0.242586 0.071812
0.240604 0.071751
0.238647 0.071740
0.236754 0.071724
0.234720 0.071657
0.232762 0.071591
0.230843 0.071574
0.228893 0.071515
0.226976 0.071462
0.224960 0.071391
0.223016 0.071343
0.221044 0.071281
0.219132 0.071215
0.217136 0.071137
0.215180 0.071044
0.213219 0.070946
0.211248 0.070931
0.209362 0.070839
0.207332 0.070759
0.205418 0.070689
0.203452 0.070606
0.201497 0.070505
0.199528 0.070411
0.197580 0.070274
0.195607 0.070113
0.193693 0.070007
0.191756 0.069819
0.189749 0.069695
0.187825 0.069567
0.185889 0.069411
0.183893 0.069264
0.181936 0.069121
0.180011 0.068948
0.178016 0.068779
0.176062 0.068585
0.174152 0.068416
0.172182 0.068244
0.170199 0.068072
0.168279 0.067904
0.166312 0.067698
0.164302 0.067500
0.162408 0.067302
0.160456 0.067102
0.158482 0.066917
0.156526 0.066691
0.154563 0.066489
0.152596 0.066264
0.150622 0.065989
0.148711 0.065794
0.146738 0.065535
0.144802 0.065234
0.142847 0.064967
0.140885 0.064682
0.138935 0.064403
0.136966 0.064068
0.134979 0.063818
0.133047 0.063486
0.131064 0.063167
0.129132 0.062872
0.127183 0.062571
0.125164 0.062256
0.123282 0.061922
0.121303 0.061555
0.119342 0.061242
0.117395 0.060869
0.115456 0.060524
0.113474 0.060169
0.111529 0.059813
0.109584 0.059401
0.107608 0.059022
0.105654 0.058639
0.103691 0.058266
0.101726 0.057854
0.099798 0.057438
0.097843 0.056993
0.095873 0.056549
0.093913 0.056075
0.091973 0.055551
0.090004 0.055060
0.088038 0.054560
0.086095 0.054088
0.084145 0.053572
0.082187 0.053040
0.080222 0.052509
0.078251 0.051952
0.076325 0.051392
0.074356 0.050810
0.072399 0.050209
0.070433 0.049582
0.068473 0.048957
0.066527 0.048322
0.064575 0.047658
0.062611 0.046949
0.060667 0.046288
0.058711 0.045547
0.056747 0.044862
0.054796 0.044114
0.052835 0.043393
0.050880 0.042613
0.048924 0.041820
0.046967 0.040933
0.045003 0.040053
0.043046 0.039166
0.041083 0.038254
0.039142 0.037293
0.037182 0.036320
0.035227 0.035341
0.033264 0.034300
0.031298 0.033240
0.029337 0.032173
0.027394 0.031060
0.025432 0.029915
0.023484 0.028650
0.021523 0.027281
0.019572 0.025901
0.017594 0.024440
0.015647 0.022945
0.013699 0.021334
0.011744 0.019560
0.009780 0.017512
0.007824 0.015263
0.005876 0.012789
0.003915 0.009997
0.001957 0.006468
-0.000000 -0.000002
0.001956 -0.005397
0.003913 -0.007814
0.005869 -0.009573
0.007823 -0.011027
0.009784 -0.012367
0.011735 -0.013566
0.013701 -0.014540
0.015652 -0.015363
0.017611 -0.016097
0.019573 -0.016831
0.021517 -0.017507
0.023486 -0.018114
0.025442 -0.018726
0.027402 -0.019240
0.029355 -0.019738
0.031312 -0.020190
0.033265 -0.020627
0.035223 -0.021049
0.037167 -0.021441
0.039118 -0.021845
0.041086 -0.022232
0.043044 -0.022594
0.045003 -0.022931
0.046955 -0.023268
0.048923 -0.023597
0.050867 -0.023890
0.052841 -0.024177
0.054795 -0.024450
0.056741 -0.024667
0.058706 -0.024946
0.060635 -0.025186
0.062613 -0.025383
0.064553 -0.025633
0.066525 -0.025860
0.068471 -0.026058
0.070447 -0.026251
0.072404 -0.026479
0.074343 -0.026662
0.076322 -0.026851
0.078261 -0.027006
0.080229 -0.027182
0.082182 -0.027329
0.084149 -0.027493
0.086086 -0.027634
0.088067 -0.027767
0.089997 -0.027917
0.091939 -0.028079
0.093904 -0.028197
0.095878 -0.028346
0.097827 -0.028468
0.099787 -0.028583
0.101745 -0.028686
0.103688 -0.028814
0.105657 -0.028907
0.107626 -0.029004
0.109575 -0.029076
0.111520 -0.029179
0.113497 -0.029278
0.115446 -0.029361
0.117397 -0.029427
0.119349 -0.029525
0.121325 -0.029569
0.123246 -0.029673
0.125220 -0.029751
0.127180 -0.029815
0.129144 -0.029863
0.131097 -0.029950
0.133034 -0.030010
0.134981 -0.030072
0.136974 -0.030130
0.138917 -0.030198
0.140843 -0.030242
0.142845 -0.030287
0.144803 -0.030352
0.146746 -0.030390
0.148686 -0.030423
0.150643 -0.030483
0.152581 -0.030516
0.154554 -0.030536
0.156539 -0.030569
0.158450 -0.030606
0.160414 -0.030645
0.162400 -0.030645
0.164331 -0.030676
0.166257 -0.030696
0.168236 -0.030715
0.170232 -0.030722
0.172182 -0.030757
0.174084 -0.030777
0.176084 -0.030778
0.178059 -0.030784
0.180018 -0.030799
0.181971 -0.030814
0.183891 -0.030818
0.185850 -0.030816
0.187798 -0.030843
0.189776 -0.030845
0.191717 -0.030842
0.193696 -0.030850
0.195662 -0.030841
0.197592 -0.030863
0.199566 -0.030827
0.201516 -0.030837
0.203443 -0.030828
0.205421 -0.030821
0.207380 -0.030819
0.209291 -0.030782
0.211269 -0.030752
0.213245 -0.030745
0.215200 -0.030742
0.217110 -0.030739
0.219137 -0.030701
0.221105 -0.030691
0.223044 -0.030675
0.224994 -0.030642
0.226948 -0.030619
0.228896 -0.030587
0.230862 -0.030579
0.232772 -0.030554
0.234715 -0.030516
0.236726 -0.030476
0.238646 -0.030469
0.240668 -0.030428
0.242551 -0.030398
0.244540 -0.030365
0.246490 -0.030351
0.248424 -0.030294
0.250441 -0.030259
0.252365 -0.030233
0.254329 -0.030175
0.256296 -0.030145
0.258200 -0.030096
0.260178 -0.030071
0.262158 -0.030030
0.264090 -0.029965
0.266079 -0.029917
0.268019 -0.029895
0.269998 -0.029828
0.271950 -0.029782
0.273876 -0.029733
0.275807 -0.029709
0.277762 -0.029622
0.279700 -0.029599
0.281694 -0.029550
0.283698 -0.029507
0.285578 -0.029442
0.287529 -0.029367
0.289550 -0.029356
0.291473 -0.029270
0.293404 -0.029227
0.295386 -0.029153
0.297317 -0.029125
0.299271 -0.029074
0.301236 -0.028982
0.303183 -0.028958
0.305130 -0.028867
0.307134 -0.028835
0.309110 -0.028751
0.310991 -0.028672
0.312942 -0.028593
0.314893 -0.028586
0.316879 -0.028498
0.318803 -0.028420
0.320811 -0.028374
0.322752 -0.028313
0.324698 -0.028242
0.326709 -0.028151
0.328650 -0.028083
0.330584 -0.028032
0.332524 -0.027948
0.334464 -0.027895
0.336489 -0.027809
0.338379 -0.027716
0.340352 -0.027649
0.342279 -0.027594
0.344280 -0.027505
0.346244 -0.027453
0.348148 -0.027360
0.350127 -0.027282
0.352105 -0.027200
0.354098 -0.027131
0.355953 -0.027069
0.357911 -0.026984
0.359872 -0.026889
0.361891 -0.026809
0.363777 -0.026736
0.365721 -0.026635
0.367776 -0.026540
0.369672 -0.026460
0.371655 -0.026366
0.373579 -0.026293
0.375602 -0.026194
0.377509 -0.026112
0.379450 -0.026055
0.381433 -0.025953
0.383409 -0.025881
0.385349 -0.025794
0.387311 -0.025678
0.389242 -0.025624
0.391220 -0.025495
0.393162 -0.025412
0.395131 -0.025316
0.397050 -0.025248
0.399049 -0.025150
0.401000 -0.025046
0.402926 -0.024970
0.404835 -0.024888
0.406826 -0.024781
0.408809 -0.024670
0.410793 -0.024575
0.412752 -0.024493
0.414699 -0.024397
0.416615 -0.024301
0.418597 -0.024202
0.420503 -0.024126
0.422496 -0.023983
0.424450 -0.023934
0.426384 -0.023833
0.428330 -0.023738
0.430327 -0.023627
0.432289 -0.023526
0.434235 -0.023443
0.436211 -0.023357
0.438173 -0.023232
0.440119 -0.023121
0.442056 -0.023020
0.444000 -0.022934
0.445953 -0.022852
0.447906 -0.022723
0.449905 -0.022644
0.451778 -0.022541
0.453794 -0.022452
0.455718 -0.022316
0.457723 -0.022223
0.459640 -0.022129
0.461604 -0.022035
0.463511 -0.021918
0.465471 -0.021807
0.467482 -0.021706
0.469467 -0.021597
0.471416 -0.021498
0.473331 -0.021376
0.475332 -0.021298
0.477207 -0.021209
0.479191 -0.021092
0.481145 -0.020999
0.483146 -0.020883
0.485064 -0.020781
0.486993 -0.020670
0.488997 -0.020551
0.490947 -0.020462
0.492900 -0.020326
0.494893 -0.020255
0.496782 -0.020121
0.498796 -0.020012
0.500737 -0.019919
0.502658 -0.019820
0.504647 -0.019704
0.506586 -0.019589
0.508506 -0.019510
0.510466 -0.019394
0.512454 -0.019283
0.514426 -0.019196
0.516379 -0.019090
0.518346 -0.018985
0.520275 -0.018873
0.522181 -0.018772
0.524187 -0.018658
0.526168 -0.018561
0.528068 -0.018442
0.530088 -0.018352
0.531989 -0.018242
0.533972 -0.018137
0.535920 -0.018021
0.537834 -0.017923
0.539842 -0.017821
0.541783 -0.017707
0.543767 -0.017603
0.545654 -0.017466
0.547628 -0.017377
0.549587 -0.017264
0.551547 -0.017172
0.553543 -0.017061
0.555483 -0.016934
0.557442 -0.016820
0.559346 -0.016725
0.561351 -0.016635
0.563309 -0.016545
0.565235 -0.016410
0.567223 -0.016301
0.569120 -0.016218
0.571091 -0.016113
0.573098 -0.015986
0.575061 -0.015883
0.576981 -0.015784
0.578949 -0.015669
0.580935 -0.015566
0.582849 -0.015461
0.584815 -0.015368
0.586789 -0.015245
0.588688 -0.015169
0.590692 -0.015072
0.592608 -0.014939
0.594589 -0.014841
0.596545 -0.014717
0.598507 -0.014657
0.600449 -0.014533
0.602415 -0.014403
0.604377 -0.014317
0.606327 -0.014255
0.608265 -0.014119
0.610236 -0.014046
0.612196 -0.013922
0.614122 -0.013829
0.616118 -0.013737
0.618065 -0.013616
0.620018 -0.013553
0.621965 -0.013435
0.623934 -0.013352
0.625877 -0.013249
0.627836 -0.013156
0.629757 -0.013075
0.631757 -0.012961
0.633714 -0.012872
0.635669 -0.012764
0.637605 -0.012687
0.639580 -0.012606
0.641517 -0.012471
0.643491 -0.012405
0.645420 -0.012315
0.647384 -0.012217
0.649375 -0.012105
0.651295 -0.012056
0.653291 -0.011954
0.655233 -0.011856
0.657175 -0.011784
0.659154 -0.011675
0.661073 -0.011587
0.663055 -0.011508
0.664966 -0.011381
0.666939 -0.011329
0.668936 -0.011238
0.670882 -0.011144
0.672837 -0.011053
0.674783 -0.010987
0.676766 -0.010860
0.678736 -0.010810
0.680681 -0.010736
0.682616 -0.010641
0.684559 -0.010542
0.686552 -0.010459
0.688492 -0.010384
0.690401 -0.010294
0.692366 -0.010202
0.694337 -0.010107
0.696317 -0.010045
0.698267 -0.009961
0.700214 -0.009896
0.702167 -0.009798
0.704159 -0.009719
0.706104 -0.009630
0.708047 -0.009583
0.709990 -0.009494
0.711968 -0.009417
0.713912 -0.009355
0.715877 -0.009273
0.717834 -0.009178
0.719765 -0.009116
0.721724 -0.009056
0.723721 -0.008977
0.725650 -0.008875
0.727576 -0.008807
0.729556 -0.008755
0.731577 -0.008688
0.733495 -0.008601
0.735447 -0.008532
0.737375 -0.008470
0.739320 -0.008425
0.741299 -0.008334
0.743260 -0.008269
0.745227 -0.008193
0.747183 -0.008121
0.749134 -0.008088
0.751096 -0.008002
0.753025 -0.007928
0.755028 -0.007877
0.756960 -0.007820
0.758931 -0.007756
0.760941 -0.007691
0.762845 -0.007629
0.764807 -0.007565
0.766771 -0.007514
0.768653 -0.007427
0.770651 -0.007372
0.772601 -0.007326
0.774603 -0.007219
0.776489 -0.007200
0.778498 -0.007149
0.780430 -0.007073
0.782395 -0.007017
0.784336 -0.006968
0.786312 -0.006910
0.788275 -0.006841
0.790252 -0.006776
0.792136 -0.006720
0.794148 -0.006679
0.796072 -0.006615
0.798033 -0.006570
0.800033 -0.006501
0.801961 -0.006431
0.803916 -0.006382
0.805910 -0.006341
0.807800 -0.006298
0.809800 -0.006233
0.811751 -0.006166
0.813701 -0.006127
0.815691 -0.006078
0.817631 -0.006025
0.819590 -0.005950
0.821517 -0.005893
0.823479 -0.005842
0.825477 -0.005809
0.827411 -0.005748
0.829372 -0.005697
0.831339 -0.005644
0.833246 -0.005582
0.835254 -0.005550
0.837207 -0.005492
0.839081 -0.005434
0.841132 -0.005394
0.843064 -0.005350
0.845033 -0.005293
0.846962 -0.005240
0.848956 -0.005168
0.850895 -0.005151
0.852889 -0.005096
0.854819 -0.005041
0.856864 -0.005004
0.858745 -0.004962
0.860702 -0.004909
0.862633 -0.004862
0.864548 -0.004810
0.866490 -0.004763
0.868536 -0.004714
0.870511 -0.004654
0.872447 -0.004627
0.874448 -0.004565
0.876284 -0.004527
0.878299 -0.004475
0.880260 -0.004452
0.882224 -0.004382
0.884184 -0.004356
0.886141 -0.004321
0.888051 -0.004270
0.890072 -0.004223
0.892058 -0.004174
0.893945 -0.004143
0.895925 -0.004107
0.897825 -0.004069
0.899977 -0.004003
0.901791 -0.003958
0.903767 -0.003926
0.905653 -0.003893
0.907635 -0.003856
0.909591 -0.003801
0.911671 -0.003766
0.913572 -0.003724
0.915519 -0.003680
0.917494 -0.003626
0.919378 -0.003604
0.921301 -0.003566
0.923411 -0.003524
0.925265 -0.003483
0.927187 -0.003436
0.929221 -0.003382
0.931210 -0.003361
0.933088 -0.003293
0.935017 -0.003266
0.937095 -0.003223
0.939046 -0.003179
0.941005 -0.003132
0.942903 -0.003091
0.944779 -0.003059
0.946826 -0.003009
0.948737 -0.002969
0.950643 -0.002927
0.952697 -0.002876
0.954687 -0.002833
0.956567 -0.002778
0.958612 -0.002732
0.960698 -0.002676
0.962518 -0.002642
0.964416 -0.002592
0.966562 -0.002543
0.968361 -0.002496
0.970284 -0.002441
0.972332 -0.002403
0.974205 -0.002348
0.976179 -0.002289
0.978117 -0.002246
0.980181 -0.002193
0.982095 -0.002135
0.984085 -0.002087
0.985991 -0.002021
0.987922 -0.001979
0.989890 -0.001918
0.991841 -0.001853
0.993831 -0.001795
0.995832 -0.001741
0.997736 -0.001658
0.999716 -0.001594
